%YAML:1.0
shape: !!opencv-matrix
   rows: 5
   cols: 40
   dt: "2d"
   data: [ -13.4991225017216632, -51.7752287941202596,
       -25.4990377586810162, -56.7754321725633844, -37.4990377569575486,
       -56.7756355517246192, -49.4991563930781311, -49.7758389318912293,
       -60.4995123050304713, -28.7760253658051433, -57.5000546498913110,
       3.2240254743891947, -50.5005461505363300, 32.2241441080681952,
       -41.5007834275170495, 46.2242966404283280, -32.5009359631805808,
       55.2244491735066561, -20.5011562923287229, 68.2246525508006840,
       2.4988267561045339, 69.2250423607161167, 21.4988945464294652,
       65.2253643782959216, 35.4991996131606200, 47.2256016565693244,
       46.4994877320592082, 30.2257880899087716, 48.4997589039869368,
       14.2258219887336264, 51.5001487136151184, -8.7741271631727251,
       53.5006910577578410, -40.7740932620498384, 43.5008774900918880,
       -51.7742627431043587, 34.5009113879113514, -53.7744152771880479,
       25.5008944409405132, -52.7745678117026031, 14.5008774942569207,
       -51.7747542427440308, -3.4992411410019413, -44.7750593124912371,
       -2.4994275720433681, -33.7750423658076357, 1.5004368412746492,
       -25.7749745739029343, 2.5002504102332246, -14.7749576272193686,
       4.5000809273116111, -4.7749237321287312, 23.5000300797924808,
       -1.7746017155543095, -23.5000716030379024, 4.2246017152024242,
       -24.5005122577436367, 30.2245847632047564, 28.4994538381175211,
       32.2254830208796292, 14.4998097536604043, 11.2252457482076409,
       1.4998606003177992, 8.2250254212138341, -12.5002241389886759,
       13.2247881448076043, -5.5004783639455850, 28.2249067804973031,
       9.4995216339000894, 28.2251610044488501, 0.4994707904023757,
       31.2250084696470545, -11.5007834318257114, 46.2248050883314221,
       11.4992335131344170, 45.2251948985340988, 28.5006741130849690,
       -39.7745169687793805, -31.4993089300342710, -40.7755338644419538,
       -17.5097392952722934, -48.8998175335204124, -29.6969184999381781,
       -53.4244902325518041, -41.6876532183628541, -52.9530234655729330,
       -45.2916758186886952, -42.8035889445594506, -41.5867919886141877,
       -24.9353535586672095, -40.0375195339367949, -10.9854519510866986,
       -38.4489581820111326, 3.9636775496958618, -29.7479348859263908,
       21.6354684493469023, -19.7333725186536455, 47.2617935973661289,
       -12.1101549102674255, 62.9744176078613336, -0.7650480098106454,
       71.5352907769491395, 20.0615821584395881, 66.7133123619279331,
       43.0608291640829606, 40.7896814979188562, 50.5831855427205426,
       28.4846356015083124, 59.9075532215210345, 11.1048724445910150,
       63.8821813590770802, -15.0714972649035808, 67.1326038841687733,
       -34.2139828247355453, 45.5201957709537339, -49.3765622737553755,
       34.2536666649934389, -55.9389796564391233, 23.3407376342672954,
       -53.5083460003043925, 10.4686417143852886, -49.9999066564711114,
       -11.2786385525705217, -43.1401835577975135, -9.8472327896378324,
       -32.1879656298231893, -11.6099551925525084, -26.1140204761143799,
       -12.1377163187756931, -14.0839968604415038, -14.8210888203959481,
       -5.9723070230803614, 20.6626431059031468, 5.6425441848579627,
       -33.3742409215043807, 5.7656888498587717, -24.2803286529372251,
       33.4297586815303589, 25.6810660071656010, 31.4653138191183999,
       4.3436801746882558, 23.2973296225129332, -11.0769160930732244,
       12.8951562560139354, -12.6824829069949399, 22.9660129825309411,
       -6.3335154725484513, 31.7233306378599984, 2.6988244635182985,
       32.3689584558278796, -2.1008705162507866, 37.5615424080793403,
       -5.5870264248319002, 50.7086606086989988, 10.2827531746562837,
       47.0823545731210018, 24.9292989861929399, -38.5592164995218099,
       -35.0636635031786597, -37.2011105578295087, -13.9577339844960910,
       -47.7715635814657844, -26.1232144660709871, -52.3542576201749270,
       -38.1160596238776890, -51.9399328431312597, -51.9696040489709645,
       -47.4589388839780995, -59.3433469886099232, -29.1934546292390067,
       -53.5176786187698283, -5.3803996373938432, -43.7979763905883885,
       15.2963358059850911, -33.1479245287636815, 33.9397366583092435,
       -19.6032425717482042, 49.4813450269208559, -13.3306034748157458,
       57.2694127436034890, -2.0954726268841273, 63.8854413733673923,
       13.7914063892638961, 60.3347970478575064, 30.2288373267651735,
       43.7573767366367079, 41.6001953190063745, 25.3537842228830641,
       46.9406036675906080, 6.1579503345006747, 54.3834007367368883,
       -10.1087263939373369, 56.5184354073475816, -35.1974016669621292,
       43.0082805150857439, -49.7396062724231740, 33.9445925172234553,
       -51.4276702159415535, 24.9844857136220604, -50.1175228700082513,
       14.0255713837195515, -48.7383213945676488, -2.6535490070572010,
       -39.1567274254007742, -2.3428054242744571, -30.1620935570458251,
       -1.9975347767380729, -20.1680559255402372, -2.6516678923522474,
       -10.1394912292810506, -2.3409243095695027, -1.1448573609260564,
       16.7513283845520249, 1.1973396982064841, -19.2272070888680844,
       2.4403140293374634, -25.3598568120810377, 27.6670975613768277,
       26.6091388717480193, 25.8716901941876429, 10.4115162728172432,
       20.4277006513424979, -1.9265995325258427, 10.8479877968806075,
       -9.6110860549475703, 20.1188381832647067, -4.1997424621511152,
       31.9390480173032181, 8.7925064588061463, 31.4901961755059219,
       2.8996650741637118, 34.6955698534793413, -4.7502943835043743,
       44.9658240030140490, 14.1693229868489592, 42.3110022463938122,
       28.4315488448710276, -37.2288551433118897, -35.4267108025038127,
       -32.0209117096274127, -11.6737994668019152, -50.7489214763121410,
       -23.6212473512239356, -55.8732252386802557, -35.6206007305071424,
       -55.9977984263470674, -47.6926218025959656, -49.1227488094320250,
       -71.9819993323848877, -21.3734039664382145, -70.2104912798934890,
       0.6461727601920699, -64.4495798666132771, 23.7072199976515599,
       -53.6474134827428273, 42.8203882702111471, -39.7519788633013960,
       52.9651848052250571, -26.8980147546892212, 67.0993847010277875,
       0.0901492497257472, 68.3796204882183645, 20.1721203403089575,
       60.5876735481409199, 27.3586029263910291, 42.6613111720218043,
       32.6282420743704336, 16.7146176784360847, 37.8044513315997150,
       -0.2325607806872378, 40.0223466398971652, -21.2106669964883245,
       43.2090447662181703, -39.1785537684963785, 43.3128557559405110,
       -49.1780149178990271, 36.3443762482753456, -52.2505209555254666,
       24.3346417700199282, -51.3751480282519779, 14.2832751257560897,
       -46.4792284432730014, 3.2008190696352838, -38.5938516124454551,
       7.0967925396740137, -28.5528660671538823, 10.0135820927169430,
       -20.5221538507150640, 12.9199905467876448, -11.4914955193359845,
       15.8160179018861076, -1.4608910730166398, 26.7531385723956561,
       4.6529777053195138, -12.2447599102747660, 4.2481148454024087,
       -22.5037485339832841, 29.1429567291866825, 25.5455704780106991,
       24.6415189051525694, 14.6084498075011684, 18.5276501268164182,
       10.7020952384901946, 9.4866106964651049, -4.4112885743083705,
       20.3303014762245056, 0.4846310106706270, 30.3816681204883210,
       15.4942038337468606, 29.5374384901315636, 6.4531644033955278,
       33.4437930591425072, -2.6916860166781462, 47.3496087775561136,
       16.3072901671869310, 47.5468496580285631, 32.2303996998197064,
       -41.2926380870714809, -29.7870216244212926, -39.9363739934694451,
       -12.7679554211391988, -48.3686294447527558, -24.8799847867479329,
       -53.0907841062005659, -36.8767984455320885, -52.8142664098216414,
       -48.7123101147619337, -45.5396074124853172, -58.3640077099418022,
       -30.3131589253560598, -55.6732445258637156, -0.3672110611255673,
